2049
6872
8725
9869
1617
3521
2500
7140
9342
8202
1261
6078
0360
3004
0434
7640
1140
2556
6741
0250
6701
6063
3851
6569
4462
4560
5496
7347
7636
6170
1390
4213
1680
3730
0558
8652
5841
6509
9760
0998
1867
8805
4987
9691
7788
4477
0715
9679
8561
0596
8217
5426
8972
6604
5824
8161
4405
2282
7077
3772
0097
2459
1876
8390
8452
7659
9800
5564
5580
8341
7692
0712
1219
2055
5825
6650
7617
5911
7914
6894
4406
9779
2209
4485
0099
4511
6160
3360
2457
2584
3622
2497
1677
6759
1990
7973
3358
1014
3922
7426
