7040
9463
2392
0251
6728
9789
1092
3737
8060
2454
7238
2501
3666
1446
5497
1555
1784
3574
2004
1875
8347
4630
9870
1698
4739
6712
3091
8389
8739
7557
1877
4259
1411
0232
6186
4011
9061
4836
4189
1327
1419
1891
2260
2487
9291
1504
7149
5125
2906
9685
7660
8737
1234
5458
3686
2329
7055
3294
0646
5264
0951
0627
3710
9991
9642
4146
1941
0114
3644
6883
2237
4175
0843
5141
1187
8130
7737
1616
9186
9578
2829
6829
3759
9361
3942
6942
3335
8909
7652
2995
7073
3653
5158
8875
7598
6373
3532
4207
8036
8243
