7171
3721
8914
2288
4879
8444
1181
9452
4561
6242
3942
3678
9158
2115
1584
6621
6349
9636
2201
5263
2473
5263
0872
9198
1635
4494
7688
1041
9580
5904
7181
6278
0164
0295
7296
4788
5337
0062
8519
3316
6111
2403
3709
1492
3495
6847
0076
0509
8368
8353
5364
2372
6113
9317
0585
9281
8915
9793
7455
6795
5698
4008
7826
4503
5751
4913
8868
4708
1597
5056
0405
9907
6843
1620
0262
0270
1666
6019
4721
6066
5823
2094
3053
4862
3644
0285
0751
3267
3284
9892
0615
6784
7524
2068
8710
8154
8057
9941
9527
4785
