0833
6878
7155
2090
6358
1426
4677
0850
5667
4683
4700
0868
1477
6890
2413
5245
2091
8203
9639
5888
1567
9947
0204
1706
1936
4202
6069
0761
0703
8701
3189
2544
9982
0416
5988
6509
9249
5394
3092
1298
1047
8512
2688
1613
2776
9699
6376
4935
9588
6769
3691
9368
7375
0280
3159
9653
4201
0959
8918
8203
4328
0660
6865
9708
7235
7752
1295
6944
1184
4091
1631
8345
8111
6595
7241
6199
6172
8427
1267
0278
8987
9209
5485
7250
8632
7603
1214
0399
4519
0519
1528
3533
6468
5919
0475
1876
7032
6685
0998
6823
