8326
4653
5523
5306
9521
1763
6360
0294
6462
0167
6242
4794
4662
2756
7934
2442
6821
5574
5897
4663
7724
6909
0539
6494
1034
8224
3987
9295
1390
0214
9127
3728
7592
7658
0020
6966
2794
2018
1649
6439
2606
7652
4490
6078
5865
2366
2445
1351
7053
3717
3003
7246
4124
4771
1077
3581
5922
6277
8938
7930
2642
9527
8146
4904
8443
6455
3648
0219
1991
9394
3267
3916
6292
6627
7825
4836
1147
0906
6257
8970
4919
0385
5590
6323
9692
8119
2667
6016
6112
2871
1338
1585
9610
6461
9240
4113
6938
7219
0833
8971
