3468
5501
5309
8177
9674
0952
5129
8662
6632
7039
5318
2215
0511
9556
1874
5145
1723
8085
3120
2457
7023
5809
0786
2267
2012
7842
3397
8079
6188
2435
5299
8113
8112
4063
1990
1515
1530
7340
9520
8458
7704
0273
7380
4334
1931
8343
5703
2748
4401
0878
1330
7431
6715
2990
2573
6716
1276
0593
1546
5262
5585
2507
2129
1154
9114
3852
7809
1521
0126
2938
3010
6999
6721
8548
9757
4647
9848
3394
7139
9334
4197
4948
0965
6637
7422
6057
3097
6990
3180
4021
4826
5457
6182
6002
5856
1012
1209
0757
3319
7191
