0889
5390
0546
5269
3793
9350
6715
9616
6518
3388
9470
0999
2100
0583
2917
9348
5104
3308
0457
0137
1041
2122
7159
9112
7894
3652
6024
9058
9900
5726
7697
2362
4700
5284
3366
2542
6882
0671
6587
2863
8869
2958
2939
7212
0706
6301
3580
4487
7331
1053
3962
2254
9008
7507
1821
6879
1871
6057
3094
8682
1382
8419
9860
2185
9157
5916
7489
4051
0424
0013
2798
0507
5275
5177
0279
1411
8244
3436
3287
7410
7518
3757
8265
8930
4452
8341
5136
0597
4534
8415
5614
3567
3433
4934
9051
6503
0330
7488
5083
4232
