1885
2876
5964
1094
1478
0800
8484
2715
7497
4808
6871
0398
4421
1809
8499
8335
4347
2318
0270
0489
4418
9319
4768
8883
6041
8048
4460
0596
4921
6945
4921
5791
7670
6833
5637
6341
0344
5229
8130
3287
5123
0039
4469
8391
8788
0906
1103
7942
1644
3769
3527
3475
4123
2903
0267
0609
5645
1295
9813
0365
3882
6581
6166
9916
4964
7334
4456
6374
2644
0700
1801
2632
0987
8953
2839
0711
2246
4527
1058
1905
2476
3661
2696
9966
0205
5654
9545
2149
9939
7773
9796
9239
6904
0949
2305
2899
6270
1234
6431
3410
