1988
3780
4108
9674
1979
4456
0277
2625
0084
3102
9805
9363
1561
1277
9690
6851
2538
4536
1071
8244
0720
9693
3031
7490
8096
0409
7840
5900
7675
0868
8554
7900
8015
2856
1105
3446
4881
5556
8102
4261
7401
3306
2431
2275
2908
4662
6893
4546
9954
6906
2727
8435
6046
6234
6724
5373
6708
5975
3641
9713
6285
5598
4082
8600
5728
0076
6487
1111
4400
1866
7327
1020
0436
3212
5981
9667
1930
9135
9172
3877
8900
1058
6240
2026
3807
5659
5960
5239
0481
4750
4448
5906
2350
0375
2546
6129
4976
4354
5982
1541
