0013
7061
8811
6285
3217
6046
1760
7137
7814
4040
8323
7082
6688
5552
0918
4431
5663
0775
5715
6284
9785
9210
9896
5004
4606
8241
4376
7823
6228
1955
1316
8337
5138
4382
9718
3326
4725
4754
6165
3273
1764
7578
3499
0027
3971
0149
7435
7790
2814
0006
5536
5835
9445
9342
5207
2343
6880
1644
7903
3710
7840
5666
8098
3713
9379
1523
8384
9202
7068
9568
4509
5681
3453
0881
6560
8771
2235
9265
9681
5592
0931
2332
7450
3388
1073
3663
7222
2214
2459
4279
8638
2648
3393
2676
2485
3789
9617
5990
6881
2394
