1099
8227
0698
7130
0137
8175
6181
0567
2432
4396
0178
5195
8318
5206
0030
4247
0153
5314
9185
0262
4333
5367
9866
4325
3609
8229
2168
8411
2138
7424
4829
1210
9713
1300
0116
3678
1972
9495
3998
1509
7432
5785
4589
3337
8227
7803
1874
7233
3669
0051
2644
5378
0146
7990
7775
8458
3787
5310
2182
6808
1312
0074
5164
9390
1239
2181
0554
6582
9106
4168
1474
2838
7128
4723
2091
9615
8754
3778
2231
2101
7166
3273
0084
7833
1589
5801
4790
8355
4254
0959
3654
6835
2600
3125
3052
2665
9213
3613
3568
4858
