0209
7274
2899
5840
6258
8480
1652
9186
4315
7885
1636
1228
1933
6753
5503
8466
2172
1478
0850
7498
3228
6655
3003
9724
3736
6165
0471
5927
7399
8485
0083
5205
1649
8686
5181
6958
7000
5747
2714
3103
5048
5480
4583
7597
4132
5094
0504
2278
8178
0015
8187
6432
8971
4994
4678
9162
1278
8734
2159
7484
5261
7934
6672
9382
4922
0737
8569
2010
3316
3842
9815
5961
6668
4876
1565
2313
0748
3572
0448
4211
1986
8445
9082
6776
5543
7953
5689
4259
8014
0777
5662
9113
3848
8382
8157
3193
9259
7250
6368
5834
