4227
8373
4522
2917
5932
4673
8625
7954
7293
0783
9071
0152
7750
3673
4714
5001
1564
9539
1705
2671
4612
2823
7533
5570
3284
8677
0035
7975
2171
0554
6836
2592
8227
9657
7232
6180
3764
8842
3167
7088
6556
6741
7181
2132
8803
7726
4565
6839
5942
1530
6702
1091
0990
9426
0877
0417
7849
6475
7572
2276
4614
0588
0534
4361
1381
2467
2395
4820
2178
7583
5385
9008
7076
1536
0592
6750
5954
3470
2091
7949
1972
8041
3438
1243
4101
6913
7419
7812
0358
5924
1423
9497
2361
0034
7511
3753
0474
9934
2083
1421
