9528
6727
1352
7249
2662
4436
4514
5196
3237
1477
4042
4213
3952
3321
8644
4229
3429
6946
8711
5530
0157
1620
0102
7240
4038
2354
7884
4185
7801
3609
4160
7632
6557
1911
7684
7605
1078
8541
1299
9428
2491
9998
6132
2880
3527
8872
3932
5799
7568
4912
4978
5476
4501
0337
3341
0683
0264
6860
5417
4637
5840
6345
4979
8753
7017
0132
5881
1368
8872
1442
4639
2641
2487
1724
5311
3093
0684
4290
3054
1737
5106
8322
1640
3217
8169
3624
7498
7873
7346
1476
0084
4239
6566
5578
5523
0402
8268
4275
6726
2578
