5116
4737
6844
6637
8440
6998
3883
2824
9920
1638
7410
7706
0599
9599
6082
6121
7530
1442
1637
1224
6192
0263
4619
1593
5713
4443
2860
9305
5679
5608
4088
7351
6578
0953
5854
4937
2291
9142
3663
2718
7131
4058
9492
1304
7794
6630
4915
1867
1330
5203
8376
0395
8175
0806
4718
2497
1464
3036
2757
3431
1941
1257
6568
1159
5923
3080
2793
8840
0512
6691
0350
7628
3784
3432
7067
2934
2217
1556
3111
7928
5739
1244
7740
4028
3008
2004
1840
3941
2106
5184
6048
2733
2494
1581
8642
6054
4777
2665
8621
2751
