8191
8245
6043
1430
8248
5037
0096
4682
2648
3754
1416
7179
3558
4337
0175
0007
3481
9189
2660
5964
7664
9557
3558
3851
6882
5025
0586
1969
1558
1720
5115
9334
7177
9991
5590
4323
0290
3684
8288
5770
1385
2201
5248
5861
7638
1442
9798
2721
6220
3668
0648
7570
9057
8602
7008
9861
1701
1237
0751
7556
6794
7059
8378
0111
8715
9277
3700
4934
1792
7348
4203
2331
8581
9475
6639
9469
9971
6206
3631
6209
1519
9040
8947
7152
1978
9473
3905
2670
4508
8646
8034
2620
2242
5165
4985
9379
4295
5985
0950
1009
