6681
1239
0551
0080
4482
1317
3846
2641
6907
4757
7573
6912
5756
1718
3541
9374
1832
7223
5050
1251
9928
1476
1502
1324
1989
6325
8592
0921
5433
0316
6018
2668
3033
6691
0647
6102
9358
9128
0913
9512
4878
2360
1493
3548
6742
4391
5623
3999
8108
0694
8938
1949
8849
0855
9550
0713
2583
4439
4341
6850
7591
3453
2507
9670
6654
0168
1777
4708
4058
2053
8845
9254
6464
6036
4700
9308
0178
0160
0787
6894
5867
3455
1663
0051
4726
1536
0134
3641
5497
6720
3113
1582
1194
1661
0448
9178
8243
8279
3622
7863
