4193
3537
2712
8844
6160
4056
0150
1191
8319
6409
0782
2535
5514
8425
5454
7578
2186
9255
1892
3489
6368
1968
3066
5228
4955
0121
6561
1660
1758
5982
3061
1119
4221
1297
4321
5007
1431
2161
7918
6521
1384
0530
7352
8030
6486
0429
7335
4483
5854
3644
6356
6266
8277
5269
5176
2023
3439
3409
6046
9468
6256
7238
4730
8783
3359
8996
1418
3755
3223
6061
0600
8463
2426
0246
8522
0505
1521
7991
0931
5559
9201
9692
4233
6636
6999
7881
9406
3522
6023
4060
1000
4544
3949
8619
9470
8743
7689
0435
8691
4722
