6470
7077
5256
5740
9575
2651
2405
2926
0698
8150
0315
5203
8271
9454
2537
3112
0384
4856
6155
3595
2778
8036
7203
7470
8089
5415
9241
4015
2097
7671
9850
8865
6838
9643
6770
1512
5697
9331
9999
0683
3388
7847
1299
2729
1388
2379
5770
7432
2372
7352
6942
1144
1074
1809
9093
9831
0638
9859
1406
1588
8253
9325
6974
4485
0942
7595
1620
7901
7858
7201
1278
4078
7008
1546
0689
7075
1412
6453
1708
0838
1442
0626
5699
8543
9708
9872
0759
8003
1577
2503
5369
1920
9160
0421
5689
5462
6537
8322
5923
7691
