8548
3565
7775
7021
3476
5234
1403
6501
9710
5469
2755
2182
5138
2497
6638
8684
6465
4214
2681
3106
1327
4809
9812
9912
3893
1842
9656
3792
9269
5800
7267
3575
1116
2605
3290
8233
6806
1905
4719
9084
2105
8019
3775
0801
0756
0587
7654
7699
4710
5570
7638
8719
5618
4416
8770
2113
2654
8815
2469
7382
4169
6782
3246
9091
3399
5003
4049
7833
6126
7901
0512
2456
1556
0497
4259
0066
4701
9832
5621
5097
4398
4292
7281
4401
7288
2283
8879
5979
1577
8668
2414
1082
9767
5742
1325
4591
3552
8420
0409
3376
