0902
5898
2228
0074
8069
4503
6900
6897
8910
0103
0353
3150
9057
4725
4824
8122
3226
8939
8181
0369
0815
1556
9369
8202
0567
2630
1003
5562
4045
3349
1148
9910
9367
7419
2578
8322
2689
2076
6499
4750
1175
1659
9005
5743
8921
8369
2138
6865
0038
6606
8406
6299
3662
2392
9031
9934
4863
1678
9959
3781
2852
7557
4180
1771
9995
4117
4916
3910
0548
4876
8227
9011
4778
3225
0027
0974
7240
8217
9482
0150
3393
1044
3615
0759
2747
3643
2773
7908
4719
5611
9559
7634
1571
5395
1178
2376
8436
9902
4358
5510
