0770
2434
2296
0138
2276
0077
9077
9801
3370
0531
9837
4855
1027
9120
8690
6366
2645
5925
3568
8578
6567
8706
0591
4695
0961
9686
7074
4313
5190
4393
1878
2954
7325
8687
8170
2833
8062
0287
7833
0061
6385
5122
4406
5194
1765
3615
8473
6831
4703
5326
3805
4273
7675
6811
4937
8207
8086
1442
7556
4340
5397
1355
3104
9268
7690
4778
4471
4714
9825
7786
3918
2617
4737
5131
9851
6764
6721
0630
9618
3700
8625
2126
4927
7712
1589
6505
8672
5196
1474
2701
1643
9584
6283
7196
6706
9135
4956
8799
7624
7292
