3855
1536
8542
0549
6072
7905
9760
1208
5357
7650
5084
6064
0899
7399
6801
7372
6250
4191
5477
4064
4325
5901
0889
1780
6737
8494
0575
1266
8071
1654
1192
2436
3660
0183
2179
6949
1055
0949
1120
4639
7867
2946
8622
8303
8087
8923
6125
3164
4337
3905
6666
3285
0753
3911
9194
9068
7397
5792
5652
0522
2996
0793
7233
0635
6323
5292
3596
3361
0188
4254
7067
9441
0309
3711
6588
2363
3609
1145
5854
0596
7116
0768
4993
4653
2450
9124
2949
3228
6678
4359
1839
2121
8360
5423
2198
8894
5002
6582
5661
0988
