7967
8210
3340
2067
1893
8579
3314
3486
3996
5819
0397
9358
9319
0696
3070
5557
8818
3960
0292
7705
8181
0845
5717
2512
3529
8400
9868
8713
0295
9274
2170
4130
2135
1514
8540
1989
7995
1626
0757
4146
2731
5321
8979
0628
9657
3387
9489
2639
7693
1582
0059
6559
4888
9336
7075
0766
5616
6843
9811
1805
5764
4886
6163
8598
3797
0086
4903
7649
8213
9887
5535
1959
8660
2280
2039
2913
9109
2349
4924
4741
3557
7488
5256
7239
1201
0643
0765
9230
9063
7733
3455
6618
3677
7051
7478
6593
8276
0368
6532
3959
