9360
8378
6798
2741
8183
0642
5621
6126
5267
8236
9691
3408
5105
8049
4071
8465
6625
0361
7327
3582
5437
2581
7679
0270
2661
0102
3367
9079
3731
8224
9830
8659
4084
2071
2240
5769
7474
2713
6134
7642
7353
1966
4895
6581
8377
5953
5384
0279
6496
3135
0203
4120
7408
6637
4320
1135
0420
3463
4124
9029
0517
9287
5797
9036
2514
2757
1108
8742
8353
2471
3235
8666
3242
0284
6423
3884
1758
0411
8908
1935
5134
6939
7413
1664
7344
2919
5286
3169
4968
1431
4625
6810
0582
8008
3070
8211
7094
6983
1154
9438
