5966
8465
4740
7299
6578
8567
6643
5874
5768
1756
9827
7485
1785
4574
5911
2850
3057
7522
4221
2069
1811
0335
1049
3512
9758
7160
9549
5946
8461
8390
3333
4712
2003
3785
6422
6236
6458
5125
8928
6909
3226
5471
3732
8762
9546
7917
2574
0264
1486
3029
0360
0038
1347
2818
8331
7862
4336
3786
7360
1013
6544
9970
2354
7075
5470
0779
9947
0053
4761
2135
3228
8437
3501
6478
9751
1841
4802
2295
0985
5369
7934
2023
5811
0418
9408
7309
3793
9364
5011
8835
8015
9849
7676
4831
1130
3987
6786
7042
1271
4891
