3157
5962
8542
3109
4260
6972
1664
3211
0814
7161
5740
4667
6292
4517
8494
3031
5241
6999
8855
6070
6032
1772
5653
5320
3322
0520
1807
9948
7218
6974
4456
3662
7759
9584
4389
0618
2875
0797
8007
1864
2107
2571
6240
1291
4687
2709
7898
5181
1733
8019
5442
4070
3929
6939
1894
1851
4890
7850
8710
7985
6702
6410
2368
3449
5726
4402
6680
9941
8276
2667
6370
1374
6659
0135
6116
9496
0931
7763
3983
2793
6304
2458
0740
3553
3306
2887
8354
4273
3402
8505
3954
8020
0823
2188
3817
0449
6213
8072
4980
6080
