6760
2797
4926
9243
6459
5061
1065
5865
4808
0088
6297
9301
9703
5199
4057
2065
6605
5752
3707
9306
7801
7175
4999
4348
2029
8078
7536
5388
5878
0422
8037
5096
0077
5235
4858
7571
8775
4962
8495
1147
4162
1930
0246
1039
9202
1127
3033
0832
0702
0227
9374
1526
3224
6279
8164
6520
1564
7991
9185
3816
1382
9414
0592
0464
3079
2904
2779
3290
3312
7572
4308
1198
0473
8847
2572
7563
9069
5551
0783
9493
5768
1018
9943
5724
3256
3583
9733
3004
0633
1081
0961
3009
1762
3815
7198
6875
8007
5012
1516
2607
