3055
4532
1509
6106
5475
7044
2313
4837
3168
0287
4326
8310
5745
3571
1665
0234
5000
0528
0761
6855
0415
0674
0218
8067
3997
5704
8763
0002
2079
9903
4591
8216
9218
7789
5258
3715
8136
0842
1948
4943
2715
2049
7026
3684
4528
5797
9554
6946
3921
1676
7682
1971
8760
4215
5486
6330
2920
4924
4028
1307
0456
9956
0352
3428
5962
5760
7282
5908
1540
5991
8595
7302
4922
7912
9043
7322
1499
2140
1987
0624
6611
9748
8232
7838
8652
0489
4927
5879
0136
8162
0440
8949
2699
5196
5880
4411
1226
4478
8337
7122
