1406
2086
9970
0846
7041
8600
9900
3682
5989
5065
7581
4917
7205
1964
8244
0121
1788
8068
2760
9559
1347
7649
6361
9411
9544
9696
5451
9244
0788
0479
5620
9974
2400
7403
4969
7318
1011
1097
7961
0007
0760
8842
8761
4010
9258
2703
5435
4976
8942
4818
4899
9405
5151
8917
1680
0018
4528
3176
9859
1022
0092
7165
2720
1182
9962
2656
9367
3682
5314
2090
1668
5075
4819
5290
1842
2526
6122
4484
0125
9512
9840
2557
6305
0452
3911
4621
1925
8495
5832
0361
3833
4474
6160
9206
2900
9797
0749
8366
2147
8320
