6652
7888
0295
6176
0967
8748
5371
9341
0111
0185
6353
2427
3051
2149
5665
4779
8223
6840
4809
6315
2446
6257
4748
2339
7143
7299
9904
2060
5127
4041
5888
8101
5316
6649
7683
8361
7114
1787
9377
5315
9233
0438
3745
1962
7130
7810
2745
4578
5798
6908
7107
3660
3340
1418
7096
3433
5330
1623
4939
6134
6382
2122
1698
6809
3066
5817
7677
7743
4135
1437
1510
0520
4659
0667
6508
4558
4084
2734
8494
7089
4515
7864
1270
2696
5757
2175
2819
0248
3069
2013
8458
4076
8269
7723
4102
2689
3031
5812
6291
9723
