1371
8302
8574
3860
9675
0947
0028
3366
5303
3377
7744
2636
7717
6060
8115
8545
4132
6779
8869
0202
5971
2931
5657
3734
4895
0489
8202
9508
0810
3786
2428
8640
1773
0357
3749
0569
9285
4833
2412
0971
7063
8813
3454
0348
5700
6035
6013
6798
5543
5357
4071
5713
8772
6472
9211
5788
2043
5239
5719
0890
5121
5796
0447
5075
1111
9366
9812
4314
0073
4742
7086
9936
0014
5270
9109
6011
5339
4653
7816
1529
6154
9111
0352
2874
9991
3790
4630
6466
3923
2485
9010
1359
5299
9821
9657
0468
2572
8036
6171
0789
