8175
8322
9627
2841
9220
4793
6252
9643
1131
6078
7870
7854
3527
6223
4083
8275
9300
1785
0583
0758
7088
4910
4352
3074
1384
9422
4364
9559
6450
8268
3894
9635
9941
1105
6880
7071
1446
4883
5345
4078
9678
7233
4577
3007
7148
6432
5246
5615
0613
3630
7301
1703
2339
1583
5431
7407
4123
9491
4326
8822
9787
2524
1130
1520
9553
2436
2559
2465
8055
8130
1626
7239
7228
5543
3363
9236
0946
1747
4400
2264
7381
1235
0704
3511
0695
8158
2668
2138
8848
5139
9126
2799
3870
4060
9473
8493
9101
1050
4366
2042
