4347
1026
6768
3952
6596
3194
8164
7786
8919
5855
3928
2593
2298
0887
4657
2752
6687
2893
5526
2781
1317
1415
4414
3739
7150
7807
2665
6040
6047
1965
9241
3312
3820
4264
7110
1764
9067
1414
9574
0540
9284
1016
5619
1826
3977
9903
6504
8645
5164
2329
0896
8343
1838
1658
7117
5955
1519
2212
8207
7422
6474
5153
0561
8446
5301
1554
8023
7172
3896
6588
5750
9485
8695
4394
1969
3763
4762
6973
6980
1167
3307
4740
4228
1946
0404
2409
6144
5316
4811
0339
3467
6847
6031
6426
7530
4293
9380
7018
0939
4857
