1013
9018
5233
3390
9379
1565
4943
3694
2103
3557
1419
7795
3726
3396
2360
5643
9021
3364
4889
1048
1434
0294
2631
6462
2552
3729
7129
5772
6740
8524
1648
5533
2742
2857
3644
1254
4679
9307
5229
9277
5398
8462
9554
6141
5008
6534
5034
5828
8814
6287
3610
1309
9286
2032
8013
2750
3547
7439
6362
7735
7580
6032
3582
1166
7842
5344
4055
4428
2388
9295
2536
6391
8929
8065
6090
1277
6261
8495
7867
0139
3709
0658
4582
2511
0979
2871
6327
6709
8735
6574
7459
9311
2442
9477
1487
5781
8794
9462
4294
8416
