4635
4508
0833
7454
9771
7288
1407
6189
7271
6884
8496
1936
9305
2247
8879
4211
6193
7978
4786
2966
0937
3274
9591
6921
7885
4164
2692
5593
3411
6072
3536
3282
1703
9600
6890
6425
0584
5026
8040
1460
5660
0141
1778
2573
8179
6908
3204
8134
3407
6089
4096
9503
9252
6023
5132
3975
1438
2382
2114
4583
1972
4016
7330
2475
7527
6662
6028
9823
1520
7993
6005
6986
8060
5308
8900
4062
7861
2673
3153
9803
1320
1242
5400
2566
1913
5291
5104
0950
6330
3821
1077
2880
1110
6514
2135
6051
9738
7365
3680
6165
