4681
8281
9519
9375
5133
5150
0540
1894
1131
1563
8585
9511
6060
4554
6561
7218
0328
7624
9175
3023
7283
7397
5429
4391
9326
3717
3632
4565
6293
4092
2023
7889
2397
5148
6238
2548
3951
6421
1931
1598
8071
1366
7545
1299
4119
2669
4183
9799
7638
3146
2022
4534
3059
0636
9628
0885
0328
8251
5282
0546
2493
1302
1182
5719
7265
8363
7263
4148
8611
3602
2937
2382
0678
5650
7629
2009
9846
7538
5672
1703
9017
0777
6509
1995
6539
9319
2513
2423
5132
9263
4284
5761
7825
5283
1719
5611
7756
4232
2922
2930
