9628
6824
4021
9101
5440
8807
9087
5361
6904
7735
5281
1027
7573
4833
3896
5354
4061
7398
0069
3521
5255
3192
2146
1703
2198
8301
3118
9993
0108
5934
5680
2384
7894
7483
6161
8129
7418
5920
9934
8595
0491
7683
1507
1463
4830
5730
5140
5244
6764
4746
2351
2015
8614
9081
9490
5216
8462
3438
8351
0325
5606
2566
8805
9185
0722
9881
9229
4725
6557
4666
8232
1167
1136
8534
4579
3682
9211
9188
4680
5473
5040
2162
9520
7590
4222
7334
2526
3268
2048
9179
6954
2497
5300
0475
7212
6349
6179
4723
2511
0143
