9811
9296
4455
2061
8682
9965
5798
6465
2723
9807
4210
9964
3321
1473
6131
2453
0946
8625
5053
2694
0810
5171
5451
1906
0213
6587
2260
1269
0801
0088
4175
4153
6638
1040
9812
6845
1299
5164
9427
5071
6488
7981
2141
5227
0540
5491
8594
6438
3609
1241
8347
2768
1217
9684
8688
8470
6306
9927
6485
5972
3970
1593
7581
9411
5242
1611
8760
4346
2057
6455
9149
0052
2953
0022
3698
3612
8844
7669
4757
1615
9010
9355
7382
4326
7874
2452
3557
7182
2651
4265
2285
2003
1069
5090
8918
5989
1435
5285
6060
0801
