5059
1790
7653
0019
6527
6480
0230
3414
3533
3969
5026
3818
1150
6210
2151
2591
8411
7410
9603
5279
2468
7353
3877
4476
7206
5132
1947
2619
7465
8233
2917
9648
8197
5278
3127
7688
2204
9917
1679
0856
2760
6165
1620
5661
7975
2720
7771
1090
3483
3726
5099
6244
9624
7509
6077
2012
6924
5070
7839
7735
0194
0734
5436
8375
0044
8433
7325
0115
2538
1990
2029
5296
0543
6559
0102
0779
6541
2146
9280
7912
8252
7160
1080
8466
2782
2615
6940
8445
8323
9202
0428
9387
1645
6132
5223
8156
8229
6732
3697
4303
