7594
3402
6500
8062
1383
2062
7384
0844
9704
4177
0498
0824
3089
1720
3676
3920
6861
2531
3891
6259
0915
1528
9629
2985
0025
6600
8068
0681
1890
9346
3240
9357
0165
9890
4287
1870
8603
7431
9508
3766
4878
4686
9527
7480
0139
1348
7336
0701
0209
1025
7995
7029
0535
3184
1887
2788
1478
3961
5493
6247
6704
7604
7874
8046
9644
2884
1853
0918
1863
4745
5782
6333
8812
0214
6935
4236
2317
4826
5430
7567
0505
5027
8284
9160
1213
4553
0552
8231
2819
3605
3628
6529
1737
9787
2126
2878
5399
1927
9510
7688
