7473
7361
6832
4103
9920
4976
3576
5945
5949
9571
7876
6739
3872
3192
2517
4783
4192
0488
7760
1450
0767
9012
1607
3087
3572
1894
9989
4403
7080
0998
5293
5962
0989
6908
2299
6393
3433
0703
8343
8686
5050
7519
0163
4888
4721
5644
2266
8806
1030
0331
7947
7034
2938
9001
3206
9129
7086
8123
3757
1755
3889
2441
6243
5475
7952
5677
9236
8026
0815
9404
1792
2406
6394
0550
1657
6826
2488
3378
6173
5161
3939
6145
0217
5897
3296
8342
0027
1118
8735
5961
1459
4670
4088
5286
6261
5977
5870
1882
6874
8458
