4414
1818
2040
8501
4710
2020
4269
4315
9575
0324
4102
6281
1352
0737
2330
6054
9303
6185
2192
7627
0716
5761
2210
1570
7709
0956
2802
7482
8041
7681
3623
8045
3455
0330
1020
1860
5404
8290
2864
6859
6676
3727
2593
8856
2317
8063
0588
0060
8715
6746
7012
3845
5564
1731
4888
0547
9962
0625
5934
8362
0434
5058
6885
6783
9134
9123
0765
2978
5558
4144
7867
2841
5318
8208
3678
9121
1846
9607
6898
8586
0283
8697
3925
2083
1108
2419
6355
1805
7325
4357
5567
8116
8225
0509
5026
2778
2020
6441
6564
1452
