0710
7404
6252
3692
7503
8262
5291
6446
1345
2632
1076
9420
3945
4466
5476
0643
7989
9911
2622
9143
3195
5354
0782
5383
0230
9716
1967
9482
8308
6422
5845
1357
3193
3520
5087
6153
7783
9802
5067
3747
4392
5480
6845
7105
8724
2461
1294
3225
2042
7091
0204
3380
9511
9268
3872
6993
3452
2557
6746
4693
1373
0787
6649
4733
4013
4243
2993
6489
4872
1626
7606
5351
3335
3705
3370
2232
9955
1232
7227
0446
0427
0683
6835
6626
4795
4351
0797
8105
9088
2443
7457
3029
6021
9632
1716
5383
6771
1250
5062
3728
