3039
6162
5612
3725
8355
3508
4297
1252
2067
1816
3438
0977
0093
0785
3952
4629
0089
1551
0710
4311
7529
4988
9426
2805
5025
3976
0734
8820
4555
4926
6056
4999
3528
5285
8476
5742
9160
4595
3412
0692
7989
6482
6665
6605
1233
4280
9891
3344
4031
8382
2642
1613
8285
2472
4566
1471
5811
4487
6574
2835
4592
6080
8662
3286
7408
8280
7248
6333
6282
0996
6012
8222
7254
9045
3457
0725
1278
8789
6962
3090
5292
5677
6780
0352
7595
8612
1561
6227
1880
9344
5272
3960
2515
4842
2148
7142
0481
9280
0963
5698
