4180
4244
7078
9202
6625
9518
2779
8950
5106
8044
3279
9314
7982
2130
1294
2350
5786
0542
7750
6041
2968
9885
2672
8360
8840
7346
2187
7174
6162
4696
8327
4016
6623
6375
5604
1113
9601
8988
1435
0319
4185
3988
1405
0395
5016
6978
1071
4249
0709
4478
9093
6821
5002
7327
5683
8773
6360
8559
6814
3938
4411
6056
1150
4810
4920
9212
1525
9822
6666
5383
0598
1254
2420
5107
5116
9415
9364
9725
4513
6782
6544
0109
1777
8175
0816
0357
8741
0325
2309
0246
8314
7833
1714
7271
8998
7831
2893
7385
4331
5348
