2836
2948
2819
6400
2285
8908
7574
8417
0832
7263
4147
0545
7529
9542
3909
8868
4036
5123
0358
1427
6477
9228
4313
5503
6165
6284
0408
9298
0448
1046
8032
8276
1995
9269
7001
8806
5577
8931
3075
3196
1747
3443
4100
0012
5839
1823
3149
5334
9924
7344
1753
2801
4178
7075
4441
3571
3813
6846
2355
2932
2973
0422
4791
1376
5338
9494
8461
3429
2275
2412
1252
6903
4728
7406
2208
1030
6450
9404
7604
3335
0857
2570
0551
8219
0713
0639
2715
5756
9203
1775
4080
5430
6068
1833
2176
3702
1258
2993
4779
9288
