8404
6324
4361
4605
0653
5391
4793
3227
5037
2172
7008
8796
5619
3317
2068
1256
6858
0144
9822
6588
9921
5056
1367
6653
2315
6222
1325
0349
1188
3053
0739
5147
3527
0973
5673
3171
4237
7736
7507
2173
6438
2473
1990
1621
0676
0844
7423
1636
1170
8639
4387
7336
5279
7375
5665
1954
9802
5298
3646
9212
9026
1535
3139
5107
2637
5488
8341
2935
1382
2360
6072
9933
7234
2940
5213
3475
3676
5270
1013
3963
6854
4710
1743
3020
6342
4595
1472
7960
7701
5076
9691
7503
4650
6920
4786
0997
8532
4108
7329
5153
