1121
8333
7568
0375
5939
6956
4970
7437
7318
2985
0592
2100
0625
9269
2996
8822
3337
6051
7044
1603
1607
8683
4074
3631
4473
6968
7362
9521
5191
6784
4566
5911
2652
5071
1292
1298
0260
7105
0523
7085
9448
5644
0269
0604
0830
9696
1824
0203
7576
9443
5582
7902
7538
9832
9370
9820
1953
5901
7110
8604
8464
7359
4484
4976
0478
2269
5282
1605
9781
2327
7879
6070
3649
6242
7831
4159
5652
5944
4876
5839
0073
4323
3966
8754
2899
9136
4778
5512
6117
9266
8229
5383
1055
6504
3366
1654
9942
7445
5497
7016
