6840
1902
2771
0548
9551
1669
4428
5125
9433
6669
7792
2318
5424
2762
8779
6207
7120
8389
3168
6321
6645
4483
0727
3839
9657
5072
1745
3675
7417
5077
2939
9124
9166
1415
9843
6486
1792
2185
1351
5922
3252
7299
7306
3890
1079
4059
9519
0903
0140
6769
2653
6115
1356
3227
5757
9503
5859
0504
7734
2987
0776
5431
7520
8486
2494
8874
6890
0049
2322
9963
3787
0477
7501
3963
2748
1639
1464
6129
8766
3537
7143
8864
9613
3319
2977
8101
4708
0275
8042
0631
4822
6753
7386
2908
1484
2843
4269
6889
0061
6390
