7392
0287
7332
2082
6983
5838
1008
5289
6199
6064
2268
1293
5372
0142
3711
4297
8477
4082
6205
8792
2537
9653
5543
2388
9771
8750
3593
9313
9558
0748
9295
9715
0873
3141
8417
2246
1227
6151
7576
9725
6393
0605
0735
6905
3802
7602
3074
3050
3646
9246
2335
3606
1836
0181
2963
4496
5552
9706
5323
3343
4351
6172
9627
1904
4368
0278
6964
2502
7285
6319
9195
1390
8784
3876
0943
8224
7866
2525
8659
2328
4952
7503
8702
8442
9294
0331
5109
9084
8148
9462
4356
0985
0962
6629
4450
3846
3807
0636
7108
4246
