0812
7567
2188
9046
2570
6858
9727
7924
2165
5209
3954
4106
1763
7281
9582
5740
0903
2854
1087
2037
8015
8195
7285
6668
7869
1363
1181
7977
4346
8969
1292
1736
6353
1818
8365
9928
8875
7542
2938
4851
7047
4902
5186
6168
1961
1085
9704
7783
0925
1975
6379
5904
6380
3829
8098
3905
8875
3948
4776
4552
4220
6987
5128
8072
5753
6076
9517
1585
6612
0897
9630
6254
5467
4556
0431
6019
1868
7127
4047
0855
0888
5525
9133
8142
5733
6771
8564
5801
0361
5479
5278
3849
3641
7907
7560
7467
7597
7816
0220
7774
