4474
5321
7234
7617
3382
1717
3573
7281
8564
7762
9983
5736
1326
2118
1665
7575
3338
0474
1504
9094
4305
3404
1464
2972
5258
6625
6283
3969
4165
7016
1849
6324
2889
2704
3325
5811
1573
0314
6175
3908
3742
5633
4463
3949
7411
6438
6879
0592
4883
5068
1878
0788
6353
2974
4293
2226
8675
4380
1267
8716
1076
2564
3475
6949
6139
2876
8289
4756
3429
6795
7094
4950
7293
7780
8795
3826
2175
0868
6923
4914
8471
5987
2513
5404
0280
6992
9129
4427
6008
5690
8540
0094
1058
5771
4585
1083
8822
1813
2795
0403
