6658
4352
2564
6027
5135
9428
3076
5287
0748
3794
4291
7291
9809
2510
4673
9933
6706
1718
9180
3698
5146
7782
1608
1078
8788
2872
9743
7275
0707
0856
2288
4133
1060
8131
5493
3112
6278
3618
0516
0164
1294
0682
0601
9426
0512
2763
4444
2018
0269
6873
4279
8476
0475
9731
2386
2717
3292
7634
3117
4131
4103
5145
9063
3857
7602
4130
7095
6512
2281
8464
9251
0570
0654
1356
9835
5743
8763
6539
0502
2035
6835
9690
6293
7319
6693
0701
6232
4912
5954
3783
9211
4465
2769
2771
0605
8787
3179
1502
3639
5626
