0328
1431
5686
0259
5496
3372
1616
7861
0173
6292
8584
3013
6394
6111
3556
5977
9571
0858
0288
8846
3244
1414
1315
6577
5972
3358
5530
3600
9453
9173
5400
2226
7664
8726
8215
7479
2315
3921
5580
6498
2828
8861
7954
3468
2794
4713
7674
2549
6064
2303
6219
5134
8957
0801
6361
2380
8544
5719
2009
6005
7652
9178
8274
4124
4943
3562
1123
1003
0231
2894
6056
0700
3233
9428
6998
6105
3865
1133
9850
4992
9212
9942
4465
5784
1187
2357
5613
4146
0428
9013
3475
1166
7005
6353
2303
8523
9456
1129
2817
7032
