6044
4622
4380
9443
6978
8655
6618
4064
6977
8231
5976
9858
3339
7738
4257
1018
0996
8532
7244
0023
0912
6494
2728
7132
0819
1841
8974
8279
5014
1338
9736
3386
4861
3446
1210
2213
4435
0391
6558
6672
9885
4996
6510
8463
5307
3029
0751
9117
4342
3850
7293
4684
2378
3949
9168
4534
3203
5061
1746
2997
3063
8241
1094
8022
1595
7388
6873
9795
6149
9999
4997
1778
5081
5664
4701
6992
8079
7969
1705
2799
0516
1265
5404
9868
5497
3945
6841
2978
3948
9679
2799
5809
9534
1089
1657
4281
6066
4264
4996
2761
