0277
9950
7116
9109
0412
3326
3750
5743
7943
8607
2941
0130
0804
5900
2757
6931
1021
6943
6644
3397
8578
8416
0103
6327
8983
8595
2487
7672
5271
5340
8903
7060
0100
5948
5223
0355
0838
5095
1210
1181
2759
0881
5183
6060
3227
3145
6041
9581
1421
2517
7684
9667
0040
7268
0346
3221
3500
6020
9316
9544
8663
0308
1657
5301
3989
2609
9092
3933
8882
7456
4602
2469
7767
7544
1501
0973
4657
6608
8945
4346
0173
9572
3841
9055
0352
3332
2804
3638
4829
3033
8532
5829
4867
9522
4234
8608
3018
5179
6088
2073
