5808
3338
9743
3029
0152
1962
7096
9576
5043
5497
4378
5662
1904
8419
8233
8130
7676
2531
2389
1661
9411
7754
9075
5501
0430
0161
7154
4652
7416
8081
8848
1942
5331
7206
0812
1433
2517
0182
7866
6554
2599
4966
3047
6401
1259
7476
3441
9021
3854
7655
0115
8919
9879
3930
1613
4583
1404
9571
0062
8484
7847
1103
3531
1143
9478
4781
1635
2927
5012
2531
1483
1114
9445
8829
5252
9583
7520
6749
1490
4284
3491
3275
3318
8860
0443
3008
7429
1600
9412
9297
8412
0079
5459
7636
0024
0426
9079
2037
3918
7141
