6241
9929
8253
3826
7837
7376
4330
7365
3094
6275
4589
9569
0268
8007
3532
0925
7104
6142
6225
4997
2969
2134
1786
1647
3078
3858
7252
9747
9923
6465
5290
0028
2594
4426
2796
5066
4366
4798
1481
4606
6541
1503
5832
6472
6800
9453
2444
9604
2398
8088
4695
2417
2981
9933
4383
1136
0999
9204
3342
0658
0403
0640
8951
7456
0932
0883
0074
3992
7977
2718
0593
9900
5309
1576
4919
3076
2949
5743
8446
7459
2691
8563
5212
2564
1066
1816
5999
0181
0436
4949
0885
1898
2052
7693
5734
5553
9390
2606
1782
2196
