3653
2267
5984
5561
9165
7502
7987
0649
4706
6233
9125
9359
6647
2837
4508
4037
9354
1383
4546
6367
9799
9128
7723
7133
9497
0047
0990
0984
3650
8113
8137
5789
8816
6574
4906
5121
7514
9997
5054
0980
3479
8378
4013
8980
2174
2789
4256
3202
9689
3114
6579
0410
3192
9949
0825
3889
7319
9734
1623
0260
6785
5082
7578
1153
0571
2566
9801
0944
4215
5525
7898
5778
3978
4302
9352
2939
9496
8148
8267
4065
3713
2214
8681
5583
8597
9209
9686
7387
4147
7445
6081
4272
4077
2166
6090
1492
6899
0165
9729
0846
