7148
0033
8355
6621
5733
0395
0311
4687
1320
8866
2219
6696
7350
6377
6798
0542
0316
0628
4460
7911
0265
0528
0952
9552
3169
1117
4141
4834
9969
4603
7167
4337
2071
2653
3910
1867
7218
5034
0734
3734
1071
5899
7645
7678
2070
1193
8038
3158
3848
3331
3774
0278
1338
6273
1364
0003
4861
4965
3833
5151
6542
2049
6517
4855
5630
6851
4389
4655
7596
3784
8288
8821
4966
4280
8602
0871
5462
1042
9749
4595
4639
2449
2466
9475
9792
8228
8495
7904
3016
7947
7065
1027
1045
9913
0385
7036
4458
1621
9525
6559
