8879
6325
5397
6863
7542
2318
1164
0662
8779
7122
1093
9731
8017
2249
2893
7724
5593
3851
6991
7095
5726
4528
7762
0261
2174
2891
2923
8407
3327
0066
6196
2375
5058
4888
5098
0090
8067
5564
1762
5647
2425
1076
4663
6135
1656
9265
4605
7187
4523
8421
5579
0641
5568
3917
9432
3561
1983
8397
7053
0772
0310
7475
2592
4346
6933
8820
8154
9543
0531
1805
5231
5451
0968
7825
6642
7062
1584
2536
2180
2015
2850
6753
4136
8353
9246
1653
5924
6519
8353
4936
8687
9981
9627
9003
2293
3827
9090
1881
7103
0937
