382050
977443
474032
602209
557152
938408
896264
368328
497695
033777
759693
918619
565564
197124
145253
613141
596367
960092
368174
840455
442622
677323
464078
086238
041230
644789
502647
351455
994374
302146
797550
538438
284763
703429
843952
785888
523530
028338
039881
245126
230416
080820
211746
453730
559384
817606
325240
912052
642434
561098
514158
047281
603784
957251
685701
727497
508676
025942
273255
886105
203453
184687
777605
891496
494984
168825
190099
864834
109047
531356
119067
910421
091017
969739
495397
966334
901675
726874
762848
791647
131763
614673
761518
025139
158911
654581
003965
468463
365647
996141
151501
617077
714556
727461
531914
613617
463177
893275
165297
758453
052251
322471
356282
619481
649380
112943
613168
821542
923746
582084
076042
724533
668313
715980
612425
831686
807759
457307
474378
748217
140626
529565
105041
189772
586111
958046
495969
225263
613467
645465
181744
948195
590495
288122
093997
672956
814689
696111
005901
087603
138275
986827
803615
393789
463426
003141
340317
133718
674884
628996
